 6004
 1328
 6324
 9218
 1881
 3309
 7438
 6004
 1328
 6324
 9218
 1881
 3309
 7438
 3594
  784
 6140
 2114
 4704
 2370
 8470
 1767
 8139
 4046
 9845
 4141
 4165
 3216
 7901
 4902
  767
 6004
 1328
 6324
 9218
 1881
 3309
 7438
 3594
  784
 6140
 2114
 4704
 2370
 8470
 1767
 8139
 4046
 9845
 4141
 4165
 3216
 7901
 4902
  767
 6004
 1328
 6324
 9218
 1881
 3309
 7438
 3594
  784
 6140
 2114
 4704
 2370
 8470
 1767
 8139
 4046
 9845
 4141
 4165
 3216
 7901
 4902
  767
 3594
  784
 6140
 2114
 4704
 2370
 8470
 1767
 8139
 4046
 9845
 4141
 4165
 3216
 7901
 4902
  767
 3553
 7497
 3075
 3889
 5647
 3607
 6276
 1983
 6457
 2197
 9837
 1518
 3996
 2717
 7223
 8540
 4149
 8878
 3479
 8579
 8817
 6964
 4950
 5981
 2836
 8060
 8779
 4006
 2946
 3704
 1674
 5480
 1713
  689
 3350
 2042
 6310
  258
  564
 6443
 6435
 8279
 2445
 6042
 1049
   62
 8490
 9109
 5424
 3050
 9872
 9932
 8197
 6834
 5103
 9193
 2330
 8030
 2281
 9919
 7039
 5312
 9447
 1569
 6434
 5675
 4980
 3652
 2038
 7750
 9396
 3438
 4675
 5656
 5736
 2539
 6390
 9018
 9806
 6004
 1328
 6324
 9218
 1881
 3309
 7438
 3594
  784
 6140
 2114
 4704
 2370
 8470
 1767
 8139
 4046
 9845
 4141
 4165
 3216
 7901
 4902
  767

